0.2900232018561485 0.7099767981438515
9839
10519
3719
6236
4653
6824
105425
5019
938
22871
18810
10510
2303
0
100761
5530
1361
738
905
2006
2096
13176
2904
83720
2307
10154
925
4054
7195
995
248
14509
1514
8130
239
1853
47
4
511
18832
151062
1691
3950
198
1170
47605
2324
666
489
250
383
18310
1
951
109878
458
1428
5224
0
191
2918
3014
795
1242
418
4677
354
763
0
560
269
745
58852
335
774
3738
203
38793
259
3
17
14
5060
522
204
315
681
515
639
1730
282
509
1007
19414
23
921
82
294
182
667
18
0
314
31
193
141
879
27
597
79
0
243
188
668
280
163
366
527
284
214
265
184
453
1295
293
25903
48
844
40
36867
73
176
674
315
281
53
166
134
103997
23
54181
14473
204
261
1208
314
36
270
143
146
399
1
216
249
16
229
254
354
558
169
92
299
140
1723
210
22
226
807
367
25
864
500
216
89645
150
114
262
28
476
1584
21
207
688
133
21912
80
180
0
255
22
6486
314
485
467
421
71
119
130
313
133
194
425
64
189
265
350
71
178
242
367
1006
61
11732
511
76
116
213
154
21
168
70
164
196
191
11
137
29522
44695
137
17
160
84
507
371
6655
10841
270
45
0
112
0
42336
305
175
256
150
316
267
79
399
42
338
2630
115
16
0
100
48
31
152
337
23
485
376
312
2825
0
189
118
177
157
7
238
137
326
90840
35
52
0
128
200
66
252
103
239
250
2
654
126
5
301
105
448
981
214
7
2101
319
2681
55
224
235
55
24
174
157
185
90
147
34
30
777
8
1
116
70
271
160
1
14
91
4124
26
8776
17
123
44
25
117
17
9
149
27274
320
56
6
119
246
152
423
51
242
115
253
142
382
80
24
0
3
169
248
185
30
1
11
0
131
264
16
3
0
2
1124
44
315
273
3386
2
16
185
181
0
55
74
332
1
114
0
171
6
436
1
16
238
139
110
119
0
227
25
145
18
94
146
425
463
51
239
249
170
99
16887
546
10176
237
136
197
32
13
11
81
112
77
53
427
294
33
95
12
199
75
205
66
0
1
63
264
196
113
31
219
3
82
153
59
4
28
157
4
13
27
102
311
251
55
0
11277
321
230
31
8
0
687
21
135
221
1
48
92
96
433
682
138
78
151
19
3
199
146
46
128
253
183
179
115
85
202
83
427
41
223
12
123
81
98
148
110
169
0
1616
13
4
5
91
190
38
0
24
97
1
59
160
82
126
38
169
201
10
72
0
53
52
1050
148
174
84
127
1234
163
154
429
42
163
0
31
11
332
81
48
0
496
1
0
0
113
13
64
79
157
184
175
0
66
40
128
1
123
143
88
20
0
495
1373
0
0
136
60
109
2
103
118
49
48
72
71
186
93
188
12
158
131
68
92
49
0
361
23
1
25928
702
92
38
97
12
16
27
292
6
0
10
214
70
5
50
0
4
146
1
24
172
78
201
123
75
30
3
15
43
221
2868
49
25
30
11
54
32
93
5
357
88
244
73
30
1
92
1
110
1
13
13
222
47
146
2
98
190
6
84
3
34
33
33
7919
9
76
10
622
97
80
109
9
3
104
1
93
0
0
174
127
145
99
1
82
19
105
39
131
88
10
38
134
11
58
72
61
122
7
76
8
110
67
40
137
49
0
10
26
213
97
126
11
0
130
579
116
144
11
11
33
0
8
0
383
6
463
72
41
170
48
35
81
5
162
91
95
523
78
26
60
1336
115
80
81
0
96
46
7973
14
152
13
57
46
23
106
48
115
76
210
23
112
241
35
11
3
3
12
65
121
211
20
239
114
101
108
370
12
16
6
92
3
110
47
96
10
114
25
59
18
34
62
2
8
252
213
48
79
31
330
78
426
113
35
77
92
188
22
40
163
0
49
26
82
4
430
0
26
201
31
143
104
114
114
3
104
91
49
87
189
49
1175
66
46
55
112
3
89
57
65
13
10
0
158
5
8
0
106
64
0
64
90
50
55
25
117
163
0
105
1
56
39
14
113
196
1
105
81
3140
32
142
102
54
100
88
3
111
83
65
94
52
15
38
20
25
84
63
56
13
70
2545
7
33
116
251
46
15
5561
81
10
1
49
112
87
27
9
214
16
142
11
15
41
396
44
52
11
271
46
91
188
0
193
2
27
93
33
92
35
4
2523
1
0
50
78
26
30
0
1497
0
0
2
33
58
118
271
112
19
2
68
0
61
0
29
15
78
2
31
944
1
21
74
94
51
52
84
0
12
103
17
99
107
39
12
69
10
41
80
120
584
11
35
29
9
4
4
79
29
122
74
497
1
8
26
0
40
34
125
150
153
0
79
91
56
699
14
32
114
62
4
0
37
73
42
2
0
104
65
79
12
61
29
45
18
66
73
87
0
67
24
6
12
28
3
76
91
138
92
0
50
2
61
80
32
84
171
138
20
1
0
5
0
0
301
79
0
3
7
30
203
104
0
33
88
29
87
46
64
45
34
217
41
108
46
42
44
66
25
43
35
3
29
24
0
15
29
70
0
35
35
43
51
168
89
0
0
4
30
130
110
36
76
47
118
164
17
66
0
0
73
73
19
150
9
173
51
18
29
141
3
271
239
15
89
78
116
123
0
27
6
202
70
40
5
24
16
7
104
138
75
104
35
67
270
50
2
771
3
0
124
116
0
3
56
174
614
43
34
80
7
50
2
3
52
120
27
31
4
75
152
140
2
69
100
9
60
61
1496
75
138
0
250
308
62
44
46
72
42
70
3
1
77
109
26
3
60
61
0
54
305
0
5
64
65
91
1054
39
15
299
67
5
2
43
54
117
42
78
11336
1
42
8
70
68
11
2608
25
154
82
0
106
58
170
290
64
82
24
41
86
6
0
47
205
24
2
53
91
45
18
58
62
16
40
69
7
1
5
119
265
406
73
3
32
95
62
0
28
176
27
45
217
0
1
1329
59
89
83
4
10
30
15
174
74
0
11
38
87
231
75
64
16
13
49
72
0
56
0
0
46
98
83
33
26
124
15
27
3
18
4
47
19
27
233
100
45
0
43
133
1
41
81
49
5
79
13
33
8
4584
3
40
8
35
90
74
44
150
41
16
33
108
0
1
10
16
5033
24
12
7
156
0
8
53
41
4
16
325
81
8
9
1072
100
78
20
36
10
179
242
1
131
91
102
114
33
38
35
29
66
40
71
70
140
65
3
15
942
186
45
178
62
6
34
144
0
46
16
117
28
18
0
16
16
8
3
230
53
154
9
37
2
0
6
67
61
49
4
509
5
111
21
104
13
0
58
50
159
233
50
87
15
63
7
58
134
0
18
19
65
0
1
73
13
58
51
12
17
29
61
2124
15
57
23
1280
33
84
2
199
20
1403
49
150
4
6
4
38
10
503
63
102
8661
0
68
22
189
33
0
75
10
19
20
1
40
2843
99
50
1995
86
52
4
18
3
11
708
32
34
3
28
83
2446
86
79
68
107
299
13
75
1
8
10
58
31
4
20
28
56
120
0
21
1
5
1
52
10
42
87
1302
0
30
9
21
2
4
24
23
25
0
0
0
31
28
107
2
56
95
2
33
18
24
173
322
1
11
2
34
67
0
30
2909
1231
5
71
3
0
6
2
14
58
7
48
27
128
106
5717
30
36
21
51
15
95
5
6
40
8
7
38
573
109
3
0
57
28
22
0
70
461
63
9
15
62
71
13
27
70
76
69
31
32
32
704
61
44
11
10
15
0
565
41
269
3
40
45
69
48
0
7
37
58
174
37
113
12
30
10
199
53
9
52
43
706
1477
101
5
8
5
49
138
26
46
309
1
49
50
1
14
30
178
0
112
78
2
50
48
16
18
86
49
0
15
376
0
30
87
33
41
1
38
3
0
42
6
11
0
37
31
40
140
12
18
0
20
12
79
0
29
41
103
24
8
18
26
114
193
44
62
0
38
45
5919
71
76
3
5
3507
0
189
6
43
1
43
3360
17
159
50
29
221
18
36
12
9
283
14
119
45
2
0
35
48
43
51
0
0
9
310
621
2
2
43
0
10
2
1
1079
54
50
61
0
1187
19
41
27
6
0
23
30
39
60
2290
18
24
9
1
12
11
23
25
15
13
41
0
14
16
1
355
9
0
44
15
0
43
0
0
10
40
0
0
0
30
12
77
40
245
3
44
36
33
27
10
0
2
39
0
57
63
12436
4
79
0
22
97
21
2
10
34
126
30
36
68
19
11
56
67
77
928
72
20
19
46
6
2349
6
40
387
1
77
25
4
7
23
132
21
13
1
215
66
18
18
4
22
39
13
4
4
26
27
27
18
39
50
36
11
22
177
38
3
35
4
0
3
1
68
40
40
33
0
400
4
956
0
48
7
0
9
24
0
42
14
45
39
43
104
23
42
6
8
0
88
209
32
1
20
24
1889
64
139
38
15
337
35
0
1
0
0
142
38
43
38
40
878
3
49
9
28
49
39
17
8
31
6
43
96
56
9
72
42
20
0
6
13
12
24
17
854
0
20
3
20
31
7
29
51
11
44
18
287
2
0
10
12
40
37
37
37
0
200
10
1
59
2
18
8
11
0
13
0
408
1
36
341
12
30
39
8778
122
68
914
87
4
16
1
1
148
24
11
0
34
36
230
37
43
0
0
42
0
18
29
2
56
9
1
0
7
26
85
2
17
117
30
29
9
111
19
2
58
8
15
4
3
55
22
37
0
20
0
0
0
0
16
39
162
101
32
34
88
2
1278
1
5
23
93
3
34
70
148
30
49
3857
18
6
13
6
2
36
23
0
48
24
35
4596
37
14
0
0
714
45
2
32
83
41
0
0
2
7149
34
33
58
2
2445
4
127
25
564
8
4
2
78
0
36
0
8
4
28
909
43
17
48
0
29
22
38
7
48
4
1
0
237
31
3
15
15
5
15
3
15
11
52
0
45
11
34
3
22
21
5
2
80
155
8
285
4242
33
128
30
22
3
12847
93
17
204
34
48
16
0
8
5
39
4
31
2
66
0
36
0
4
98
1
7
15
0
2
43
37
501
9
11
4
17
10
24
23
13
1241
30
34
29
19
1
117
46
8
95
0
1
28
15
30
109
9
30
0
28
14
32
28
18
24
35
39
38
7
39
0
2
53
43
35
0
44
58
28
43
37
9
8
807
1342
48
21
2
51
6
1
32
0
2
2
5
4
24
15
5
79
16
2
31
22
0
22
14
24
0
30
29
0
752
5
41
126
760
3
22
0
11
5
40
30
0
2005
4
53
118
30
54
29
152
29
16
12
24
58
48
36
253
4
22
87
30
30
158
376
5
6
15
6
11
24
131
17
14
14
39
15
341
6
3
29
127
17
1
99
1
48
17
14
35
40
52
1373
29
29
36
648
27
0
15
0
198
31
0
32
44
532
1
22
5
85
16
1
37
1
0
27
31
6
21
6
16
87
4
3
31
23
11
2
0
25
68
11
6
166
20
489
12
82
40
34
5
49
3
33
65
51
2
0
16
26
10
665
25
27
23
11
65
36
25
4261
0
37
0
8
25
32
0
0
0
0
167
14
0
8
14
36
28
28
106
25
16
7
1
21
23
31
37
8
8
4
175
4688
39
8
20
905
52
23
22
3
37
40
25
21
26
6
25
4
14
22
31
18
6
0
1
4
18
52
26
2
5
5
11
0
1835
0
7
31
31
41
1
7
1
3
38
14
23
28
2
130
15
37
0
1
3
25
24
804
6
1
12
24
24
9
8
12
21
12
18
22
1
2
3
0
19
51
19
1
0
23
2
512
35
73
6
34
12
38
33
1
416
7
23
7
27
19
26
1
8
138
13
11
288
32
17
33
56
7
41
0
22
0
1
2
0
990
33
16
28
28
28
25
714
30
64
165
4
27
21
11
29
10
557
20
5545
3660
30
0
217
11
21
377
5
2
10
110
0
25
22
5
4
216
0
9
2
34
18
5
24
149
16
34
18
19
14
13
231
8
7442
10
44
10
21
16
282
20
11
3
5
4
1099
0
0
71
0
7
6
1
10
10
21
17
1
10
26
31
93
138
10
65
13
31
3
2
75
5
5
13
34
11
12
24
0
0
44
22
981
29
30
27
1
10
5
8
3
0
28
25
16
14
304
7
10
41
68
4
12
5410
1
27
115
29
17
12
27
48
6659
40
722
961
0
5
17
0
0
25
12
23
27
28
0
1697
16
22
6
85
20
4
3879
852
2
19
123
1
31
170
484
3
53
0
9
2
5
30
0
680
61
3605
4
20
35
68
1
65
12
22
3096
24
34
17
4
9
8
15
7
19
10
13
18
20
30
13
5
4
47
36
33
15
81
25
44
13
14
1
33
2
2659
2
43
43
3
28
28
0
6
14
2
24
0
2
0
25
0
23
24
0
26
6267
14
4
17
2
5
2
8
14
38
0
5
2
1
27
5
37
71
5
17
10
11
9379
26
10
86
56
16
38
0
12
9
22
5
15
0
7
13
121
19
903
17
24
3
29
5
13
2
27
31
87
23
16
33
23
21
0
35
15
8
1
2
20
15
1774
145
38
14
41
29
24
0
0
1
565
8
0
20
416
2
9
2
13
5
23
7746
49
0
18
0
32
352
32
0
2
24
19
7
27
0
20
50
8
3
16
18
47
29
24
28
17
8
13
22
12
13
2
9
398
39
67
9
116
35
30
55
6
16
11
0
19
18
19
10
14
45
22
9
8
93
46
24
19
20
2
33
0
25
23
19
10
17
2
14
68
950
0
14
0
20
23
30
2
3
8
10
2
2
15
67
13
6
29
14
3
21
0
0
59
0
24
16
15
31
21
23
23
23
1
36
0
0
25
23
22
1
10
18
5
0
3
4
2
12
0
455
26
13
0
39
1
7
12
24
16
10
10
9
36
15
27
42
0
9
16
91
9
30
0
0
47
25
50
21
0
20
26
26
130
13
6
0
2
0
4
43
233
15
31
8
2256
9
24506
21486
22885
9671
11508
6763
181711
7738
9532
31953
37750
17347
4879
6906
136416
11172
3420
3663
3257
2854
2116
22678
7330
132531
4978
13126
2475
5086
17669
3215
2945
25569
2821
19449
3560
4484
2736
3281
2736
28280
287499
2407
3945
1938
1830
78270
4433
1865
1389
1508
1736
31579
1296
1160
202913
1034
2879
14332
1421
1138
3724
6856
1144
2077
1187
10726
1122
906
1904
1018
847
508
101465
856
1654
5500
890
70381
766
1020
1261
1083
6276
640
819
729
3116
826
957
2356
789
443
259
45242
1679
1463
1145
551
1050
382
897
862
545
897
2423
840
1370
760
170
746
790
2603
1423
2049
520
744
906
411
687
552
976
1296
648
1759
459
39203
964
965
611
53507
645
557
753
877
580
531
449
438
180973
833
100509
32705
404
420
1209
478
522
415
440
449
685
802
460
555
513
548
822
1073
293
374
1824
355
461
2197
369
508
1613
5
303
558
948
439
313
145229
458
460
816
498
23
1697
579
308
1147
360
36364
464
769
431
457
417
7646
118
0
1108
1196
393
399
282
504
303
514
2503
356
315
377
510
591
418
411
4
873
402
21422
695
361
359
312
235
512
393
358
209
407
204
405
277
45267
93891
246
408
345
316
116
889
13992
17993
274
321
332
389
330
71844
60
202
112
254
0
238
492
501
394
572
5140
244
415
309
470
328
307
257
22
323
949
1107
13
4010
367
227
236
524
302
331
104
229
382
157937
657
483
463
171
116
255
413
200
349
171
362
640
191
380
116
651
802
1766
264
453
4280
274
4793
312
122
105
261
273
411
192
101
226
332
552
256
851
338
270
264
233
259
2733
375
278
323
7897
353
12616
287
154
247
265
183
260
275
249
39731
37
477
302
242
601
444
391
243
0
166
123
299
178
183
270
273
266
206
73
755
390
239
280
276
763
18
311
336
293
390
706
220
18
494
4172
249
222
542
547
286
208
279
200
236
262
287
77
317
76
262
335
314
356
132
196
225
320
215
210
200
248
221
881
342
208
232
57
85
157
23484
899
14608
48
291
280
735
218
352
188
153
230
181
151
114
220
2070
237
256
256
297
167
198
228
157
176
92
187
183
42
225
207
435
230
257
201
132
195
203
207
195
674
32
394
200
14950
24
283
242
263
196
721
408
131
268
265
176
172
146
748
2541
187
281
359
197
268
4
88
230
147
133
44
134
84
153
25
203
313
167
342
443
358
136
124
301
85
228
217
3495
177
192
183
140
0
184
357
169
119
183
129
26
129
161
425
248
128
193
116
197
242
164
1160
44
152
126
52
916
841
420
244
149
0
196
212
168
516
141
156
193
913
331
199
214
513
216
174
500
21
227
4
155
109
162
174
180
254
187
357
204
169
467
1439
170
169
38
317
152
173
81
858
104
118
89
156
83
206
102
153
212
115
97
85
118
175
262
147
247
43086
389
417
229
68
151
195
139
149
135
168
173
274
91
149
137
266
143
243
140
180
111
84
21
43
333
118
311
153
124
20
3713
133
151
129
152
155
112
113
449
95
66
198
70
144
160
83
142
138
152
136
574
132
151
56
294
96
131
171
302
190
111
123
117
8801
183
66
130
65
126
180
396
148
125
70
194
83
122
131
1
205
9
89
177
69
160
127
112
15
158
152
110
181
128
146
105
132
157
118
77
122
32
399
246
50
85
170
443
112
142
122
224
170
116
203
1057
88
17
180
165
96
127
128
119
282
202
501
65
400
239
882
95
81
132
39
89
93
521
52
119
92
1869
148
76
52
151
132
90
13636
109
0
121
121
75
104
711
68
7
70
666
105
33
421
85
117
146
137
120
78
99
258
106
321
55
27
46
334
98
102
110
73
149
54
76
609
138
42
91
69
110
130
173
108
133
59
19
65
93
425
66
105
891
556
80
67
95
2136
96
80
389
118
65
105
421
108
402
101
129
98
94
220
34
141
15
135
106
146
95
29
293
71
1800
136
83
64
0
112
240
52
57
96
122
117
36
105
174
135
75
62
111
187
27
63
55
85
0
77
128
81
106
260
73
84
120
0
182
0
63
3596
78
12
185
50
16
65
132
96
96
60
44
69
148
77
84
91
32
66
183
96
155
4605
157
79
76
174
122
101
9812
22
147
148
216
4
8
88
86
287
193
397
94
110
122
773
76
164
87
425
63
70
324
121
41
128
72
4
122
59
61
102
2593
146
127
96
48
96
103
141
636
88
110
98
66
43
54
588
24
80
153
47
112
137
86
97
100
15
91
65
2740
88
80
142
169
120
166
151
121
88
60
104
208
9
63
106
21
81
55
14
0
791
203
57
172
90
96
93
391
85
98
16
93
108
178
66
87
90
139
124
445
162
102
10
1
30
773
78
71
74
86
92
80
48
116
269
123
97
95
154
0
77
83
58
83
70
61
148
101
93
16
104
79
251
64
120
11
15
1
105
100
61
108
47
23
53
24
157
59
68
87
185
81
87
82
291
85
76
108
75
126
131
14
105
58
210
123
123
50
48
90
71
284
60
149
63
80
41
18
70
89
51
83
62
77
95
71
84
236
88
46
53
53
36
2
3
95
137
104
58
79
80
76
19
102
74
14
103
73
87
94
0
0
275
146
89
4
38
66
52
53
103
63
367
66
94
57
29
59
75
46
101
249
64
45
87
104
70
74
3
36
56
172
110
4
256
61
78
2457
75
159
2
4
74
83
45
58
677
44
58
0
102
28
75
108
19
79
56
44
92
33
33
371
66
166
43
131
49
101
2093
8
193
78
184
307
19
43
67
69
83
9
80
96
140
32
94
329
60
23
76
126
506
86
69
52
85
22
3778
32
94
145
0
75
75
102
21
56
85
9
18322
70
76
68
8
89
108
2917
58
216
26
77
10
14
132
304
0
0
81
38
63
60
69
79
496
44
143
50
86
73
63
42
59
60
48
30
60
64
70
152
50
244
17
76
38
1
0
72
50
43
47
56
255
69
92
2793
9
25
113
87
59
40
56
93
213
70
189
114
23
23
25
100
55
70
51
1
87
45
77
71
16
230
37
50
59
33
55
36
63
61
87
29
68
43
73
270
59
63
26
204
77
25
101
72
57
0
59
70
54
8378
68
38
106
39
70
68
42
24
46
90
35
0
63
62
49
46
6366
52
57
64
210
68
61
363
20
142
44
605
59
50
59
1475
37
4
93
97
60
94
218
92
166
57
154
126
37
52
153
39
0
22
2
0
127
50
80
47
274
469
50
0
10
60
34
166
68
43
68
73
42
92
62
49
46
70
88
96
7
183
105
47
61
73
54
24
10
24
85
175
55
840
59
20
50
71
102
8
595
444
18
36
122
59
51
12
195
74
40
53
0
58
87
65
44
32
43
49
51
103
2
2683
46
90
66
1289
78
11
56
299
55
2618
40
33
55
53
57
20
213
773
15
331
17675
64
0
37
193
32
72
125
53
42
254
51
24
4072
41
6
2340
98
567
51
39
70
43
884
30
26
56
32
44
2998
24
71
5
1388
3125
48
275
82
53
63
13
61
55
74
29
7
23
62
46
56
47
55
23
56
55
38
1618
64
38
63
45
71
59
156
32
31
51
59
55
70
52
9
114
1
80
54
33
85
41
94
77
48
38
53
50
12
56
26
5485
1739
49
16
57
58
50
60
37
3
50
43
34
32
64
7964
23
16
37
15
45
36
53
76
12
68
55
14
1214
85
85
48
14
56
39
73
27
1269
25
43
50
81
20
44
31
245
0
0
29
74
58
116
6
6
58
44
70
55
742
9
363
52
15
4
38
12
63
88
18
53
156
37
19
50
21
45
896
8
45
43
47
1284
1123
140
48
48
62
13
2
85
1
122
55
11
18
52
38
26
67
45
19
30
81
3
108
45
37
52
3
50
52
7
50
124
67
15
12
53
11
56
54
9
45
103
46
15
22
12
109
38
156
44
88
43
30
92
32
9
12
27
62
32
40
84
166
36
40
52
11
0
9462
22
27
43
60
2282
57
210
85
25
46
0
2615
34
61
52
16
476
70
19
79
36
280
39
473
3
57
43
19
10
0
4
47
63
43
591
98
46
53
39
43
39
42
50
749
13
56
31
48
3667
43
16
22
63
70
66
32
106
4
2545
40
28
43
56
42
40
24
23
35
40
1
54
44
38
51
1117
53
60
22
40
55
124
46
44
130
30
56
63
44
19
42
464
1
53
48
5
15
61
25
36
48
41
15
127
0
136
27335
66
36
40
26
20
26
45
41
8
24
18
30
73
39
50
1
3
0
1162
62
81
25
141
41
3976
42
0
236
76
28
20
44
37
39
503
37
38
49
322
8
44
32
42
22
27
39
69
68
41
25
16
39
3
12
11
37
49
313
8
41
13
35
54
42
48
150
18
0
20
40
474
70
1990
44
37
43
41
44
298
47
0
50
15
8
78
64
21
18
36
80
53
51
337
54
41
24
17
5890
159
152
3
189
774
47
68
39
61
61
243
0
21
4
5
1678
42
29
40
24
46
0
169
36
21
56
133
291
6
33
291
4
28
48
36
28
73
23
44
1687
49
38
72
20
241
38
66
43
42
109
94
937
44
230
54
45
0
0
0
0
55
36
33
47
2
41
38
46
37
48
33
48
546
36
9
127
27
25
10
15022
259
57
1359
83
41
36
47
42
662
18
28
46
9
18
208
1
19
60
38
102
47
50
24
44
19
79
47
43
175
39
8
42
26
81
90
37
29
63
35
56
13
33
27
37
35
27
22
0
56
46
52
44
49
45
31
55
0
63
2
9
29
48
1834
40
36
22
26
35
9
77
48
34
3
4283
20
50
28
34
45
17
20
40
29
12
2
6591
5
196
41
40
851
0
38
37
106
4
57
71
38
9682
5
0
74
37
8844
35
49
15
604
29
80
31
276
42
0
40
32
35
50
1605
76
23
12
59
9
13
2
29
9
269
45
42
25
26
54
34
19
36
25
31
23
27
2
43
35
27
5
36
20
13
34
50
50
76
37
55
5015
0
176
10
25
55
18088
286
100
851
2
57
42
70
41
30
5
44
63
65
54
37
0
32
77
49
39
161
25
38
30
3
2
391
139
71
44
17
52
27
37
28
938
2
19
9
319
31
95
1
41
3
32
30
10
28
5
59
51
12
35
9
25
9
21
28
11
2
26
0
36
13
31
46
87
0
0
40
65
4
9
0
12
31
29
1820
3449
0
67
37
33
25
40
52
35
49
32
29
33
24
23
29
199
34
40
11
10
30
17
24
16
39
6
19
38
1362
127
12
237
1174
29
65
67
21
34
1
0
88
2125
31
76
182
0
0
16
42
48
40
21
17
7
17
12
74
25
19
221
0
10
51
218
41
36
24
28
28
27
76
14
46
16
288
22
95
35
27
3
61
16
35
15
33
45
13
19
2
15
9
2848
7
1
1
2847
44
55
47
54
3312
2
30
1
30
16
31
9
29
1050
17
43
21
43
29
38
4
45
21
29
15
44
30
27
2
6
21
31
47
5
49
23
22
260
19
522
20
51
6
3
28
70
30
10
0
29
47
36
32
7
32
518
10
4
51
25
44
2
153
6102
29
0
57
52
4
0
44
33
41
28
124
15
33
35
23
0
2
102
1
4
37
37
33
15
10
4
85
19
33
23
436
5746
2
22
13
2310
9
9
14
35
3
28
38
12
11
40
4
30
18
17
19
9
22
58
33
26
13
24
8
32
25
26
24
30
4784
28
46
0
30
10
43
40
36
1500
21
18
3
0
27
108
40
1
33
33
25
45
7
52
23
29
19
33
26
24
21
17
6
22
61
33
30
40
28
55
18
25
11
28
38
19
26
923
2
29
23
9
16
32
33
34
1696
25
22
43
5
29
4
31
25
387
21
39
175
23
17
0
16
22
52
29
61
31
34
29
26
958
0
81
0
0
42
4
1042
17
35
214
21
2
62
18
2
17
571
17
11668
5054
41
42
141
44
9
495
24
34
26
163
30
0
13
20
21
1875
46
43
24
1
8
20
3
135
11
0
21
22
17
16
83
25
10760
21
32
60
15
34
70
24
18
29
22
28
1761
27
29
61
24
31
20
25
28
18
12
18
29
45
2
0
45
0
21
21
12
10
22
30
0
22
26
12
53
16
21
4
29
30
2
6
1842
3
1
13
26
18
34
28
23
40
12
27
13
14
152
21
24
20
35
22
13
9892
32
6
87
4
10
18
5
23
28546
5
1621
742
28
20
14
25
25
23
24
5
2
4
39
2764
16
24
18
18
28
23
4730
3734
28
5
380
28
0
56
496
29
1
38
14
32
23
5
32
856
30
5625
24
7
32
180
25
303
19
12
4922
0
18
9
20
16
16
13
18
17
15
13
13
7
0
43
24
25
85
2
21
11
610
8
9
45
15
97
11
24
2702
31
23
0
23
1
3
50
26
15
26
0
24
24
23
0
42
25
3
24
9
13531
43
22
15
29
23
32
173
19
0
26
19
21
22
14
17
21
43
27
17
15
31
15078
1
14
283
70
8
38
47
33
27
12
18
18
26
29
13
201
11
1063
11
15
27
33
160
18
21
15
1
40
2
35
26
3
36
24
13
34
16
22
24
23
73
1718
237
29
9
7
0
8
32
24
23
334
64
24
7
585
26
20
23
32
129
1
8604
127
46
12
26
1
126
0
21
29
62
4
15
1
25
62
90
19
41
17
13
6
4
0
7
6
17
9
2
13
13
26
13
2074
19
2147
14
210
17
1
219
18
31
27
31
35
11
17
29
9
28
10
19
15
17
30
11
26
1
24
2
24
8
1
2
25
5
22
26
0
499
23
10
26
8
28
0
22
79
21
11
19
52
9
29
18
17
12
11
18
13
22
28
9
23
7
6
25
37
3
0
3
0
20
1
25
22
2
0
3
30
15
20
21
27
19
19
24
14
21
1185
6
14
21
163
28
34
24
7
13
12
12
15
9
16
6
4
21
12
12
275
12
15
32
30
42
8
32
9
24
13
0
10
64
33
15
27
27
26
61
12
274
7
3
13
2475
27
